0	15	3	8	17	7	12	13
15	0	18	11	21	16	21	22
3	18	0	9	14	4	9	10
8	11	9	0	10	5	10	11
17	21	14	10	0	10	5	8
7	16	4	5	10	0	5	6
12	21	9	10	5	5	0	3
13	22	10	11	8	6	3	0
